1 -0.00150508 0.00572058 -0.0197736 -0.0212787
2 0.043588 0.0354483 -0.0504068 -0.00681881
3 0.0362743 0.00867812 -0.0274108 0.00886351
4 0.00390554 -0.0243087 0.00934732 0.0132529
5 0.00291072 0.000395982 0.0117774 0.0146881
6 -0.00895108 -0.0130531 0.0142036 0.00525251
7 -0.0465729 -0.0487657 0.015086 -0.0314869
8 -0.106339 -0.0905155 0.0160061 -0.0903331
9 -0.170147 -0.119476 0.0160051 -0.154142
10 -0.136659 -0.0284078 -0.0681259 -0.204785
11 -0.0220535 0.0823015 -0.192758 -0.214811
12 0.0396825 0.064748 -0.243729 -0.204046
13 0.0418321 0.0179891 -0.240149 -0.198317
14 0.00312009 -0.0301814 -0.198904 -0.195783
15 -0.0501898 -0.0632438 -0.146136 -0.196326
16 0.032143 0.078242 -0.213534 -0.181391
17 0.0793313 0.0690969 -0.223477 -0.144145
18 0.0987293 0.0547424 -0.196677 -0.0979476
19 0.096425 0.0365745 -0.146523 -0.0500978
20 0.083873 0.0234563 -0.0953025 -0.0114294
21 0.0619979 0.00732204 -0.0446672 0.0173306
22 0.039088 -0.00262272 -0.00344839 0.0356397
23 0.0182918 -0.00922842 0.026727 0.0450188
24 0.00260927 -0.0114073 0.0437221 0.0463314
25 -0.0074728 -0.0109687 0.0502609 0.0427881
26 -0.013229 -0.00982639 0.0498191 0.0365901
27 -0.00491042 0.00475496 0.0445509 0.0396405
28 0.0338911 0.0447026 0.0364716 0.0703627
29 0.0956573 0.0878956 0.0288296 0.124487
30 0.163401 0.119971 0.0216183 0.185019
31 0.125148 0.0200222 0.107912 0.23306
32 0.019739 -0.0758415 0.221424 0.241163
33 -0.0404905 -0.0638387 0.270179 0.229689
34 -0.0413046 -0.0166816 0.265666 0.224362
35 -0.00431206 -0.0012333 0.227243 0.222931
36 0.048589 0.0623062 0.176118 0.224707
37 -0.0290965 -0.073272 0.239754 0.210657
38 -0.0774541 -0.0692458 0.25046 0.173006
39 -0.0984292 -0.0558479 0.225571 0.127142
40 -0.0971654 -0.0376679 0.178927 0.0817618
41 -0.0824271 -0.0210919 0.125432 0.0430047
42 -0.0603138 -0.00641883 0.0729168 0.012603
43 -0.0395895 0.000712029 0.0339965 -0.00559299
44 -0.0192209 0.00855195 0.00470529 -0.0145156
45 -0.00345337 0.0111739 -0.0127224 -0.0161758
46 0.00728676 0.0114568 -0.0200182 -0.0127315
47 0.0130977 0.00985357 -0.0196783 -0.00658058
48 0.0149953 0.00749988 -0.0145738 0.000421544
49 0.0140239 0.00483302 -0.00702939 0.00699455
50 0.0112342 0.00227595 0.00138632 0.0126206
51 0.00746012 0.00299806 0.00892833 0.0163885
52 0.00484929 -0.000129117 0.0137769 0.0186262
53 0.0020063 -0.00144963 0.0175533 0.0195596
54 -0.000107846 -0.00171235 0.0196239 0.019516
55 0.00885277 0.0107423 0.0202631 0.0291158
56 0.0348833 0.0348523 0.0199204 0.0548036
57 0.067833 0.053649 0.0190209 0.0868539
58 0.100338 0.0664151 0.0178279 0.118165
59 0.0316204 -0.0420113 0.103428 0.135049
60 -0.0145169 -0.0424197 0.142501 0.127984
61 -0.0536142 -0.0211487 0.151014 0.0974002
62 -0.0928283 -0.0683171 0.135743 0.0429147
63 -0.12726 -0.0784165 0.110696 -0.0165643
64 -0.151223 -0.0798078 0.079949 -0.0712737
65 -0.0708244 0.0357552 -0.033707 -0.104531
66 -0.00992698 0.0445016 -0.0999299 -0.109857
67 0.031386 0.0453969 -0.126426 -0.0950399
68 0.0531991 0.038586 -0.123314 -0.0701149
69 0.0592602 0.0284801 -0.100021 -0.0407606
70 0.0562183 0.0224144 -0.0709286 -0.0147103
71 0.0451291 0.00916156 -0.0388011 0.00632802
72 0.0315649 0.00179365 -0.0103954 0.0211695
73 0.0179462 -0.00367582 0.0123704 0.0303166
74 0.00742175 -0.00540135 0.0262186 0.0336403
75 -0.000920659 -0.00699376 0.034096 0.0331753
76 -0.00609944 -0.00654169 0.0364175 0.030318
77 -0.00852869 -0.005324 0.0346477 0.026119
78 -0.00883681 -0.00350385 0.030758 0.0219212
79 -0.00797237 -0.00247609 0.0261943 0.0182219
80 -0.00601896 -0.000830772 0.021489 0.0154701
81 -0.00371324 0.000368916 0.0175072 0.0137939
82 -0.0015549 0.00111248 0.0144889 0.012934
83 7.35285e-06 0.00126051 0.0127221 0.0127295
84 4.47154e-05 2.56608e-05 0.0127301 0.0127748
85 0.000191886 0.000202496 0.0127316 0.0129235
86 0.000341796 0.000265061 0.0127814 0.0131232
87 0.000700643 0.000576591 0.0126323 0.0133329
88 0.000408234 -6.0888e-05 0.0131178 0.013526
89 4.18574e-06 -0.000311813 0.013602 0.0136062
90 1.20859e-05 2.09197e-05 0.0135941 0.0136062
91 2.45831e-05 2.46564e-05 0.0135817 0.0136063
92 6.01869e-06 -2.6126e-06 0.0136019 0.0136079
93 -0.000222539 -0.000262297 0.0138311 0.0136085
94 1.93464e-05 1.7303e-05 0.013593 0.0136124
95 7.67453e-05 8.62738e-05 0.0135408 0.0136176
96 7.88027e-05 4.11776e-05 0.0135408 0.0136196
97 8.41281e-05 4.76691e-05 0.0135408 0.013625
98 8.59389e-05 4.41331e-05 0.0135408 0.0136268
99 -0.00312755 -0.00124126 0.01364 0.0105125
100 0.103156 0.0699858 -0.0340888 0.0690672
101 0.300662 0.279011 -0.0991953 0.201466
102 0.369864 0.204493 0.0569695 0.426834
103 0.40003 0.18581 0.275923 0.675953
104 0.566126 0.228116 0.358784 0.924909
105 0.580103 0.245585 0.581768 1.16187
106 0.501582 0.202995 0.880737 1.38232
