1 -0.639164 0 0.203088
2 -1.56921 0 0.311785
3 -1.71848 0 0.361082
4 -1.30659 0 0.332959
5 -1.10001 0 0.323301
6 -1.12303 0 0.336833
7 -1.10533 0 0.346116
8 -1.00581 0 0.346223
9 -0.940762 0 0.349125
10 -0.893073 0 0.353287
11 -0.852634 0 0.357769
12 -0.805964 0 0.361162
13 -2.98998 0 0.609463
14 -2.99272 0 0.639664
15 -2.97233 0 0.667349
16 -2.98066 0 0.697988
17 -2.97791 0 0.727493
18 -2.9879 0 0.758371
19 -2.99256 0 0.818688
20 -2.9836 0 0.847627
21 -2.97363 0 0.876367
22 -2.96511 0 0.905166
23 -2.96855 0 0.935196
24 -2.97239 0 0.965304
25 -2.96794 0 0.994538
26 -2.96879 0 1
27 -2.96521 0 1
28 -2.96854 0 1
29 -2.96773 0 1
30 -2.97667 0 1
31 -2.96749 0 1
32 -2.96581 0 1
33 -2.9685 0 1
34 -2.98372 0 1
35 -2.96833 0 1
36 -2.97018 0 1
37 -2.96899 0 1
38 -2.96996 0 1
39 -2.96511 0 1
40 -2.96795 0 1
41 -2.96683 0 1
42 -2.96943 0 1
